final action sequence tensor([[0.0738, 0.0080, 0.2014, 0.3837],
        [0.2515, 0.0272, 0.2065, 0.5466],
        [0.1127, 0.0076, 0.1941, 0.4320],
        [0.1047, 0.0154, 0.2842, 0.4618],
        [0.0695, 0.0211, 0.2225, 0.3482],
        [0.0557, 0.0428, 0.0841, 0.5550],
        [0.2431, 0.0138, 0.0945, 0.6255],
        [0.1050, 0.0081, 0.0802, 0.6051],
        [0.2505, 0.0229, 0.1901, 0.2694],
        [0.2436, 0.0141, 0.0881, 0.5643]], device='cuda:0')
final error sequence [15.577339172363281]
